genfreq:1:00:00 RunningTime_Min_Max:2017-06-01 00:00:00;2017-07-14 23:59:59 gen_num:335 nr_nodes:117
 scenario0_RTPMSpdUp
succ_ratio:0.4208955223880597 avg_delay:2 days, 4:31:03.737589 num_comm:704
total_hold:194 total_gen:335, total_succ:141

scenario1_RTPM
succ_ratio:0.42388059701492536 avg_delay:2 days, 2:53:09.887324 num_comm:734
total_hold:193 total_gen:335, total_succ:142

scenario2_EP
succ_ratio:0.14029850746268657 avg_delay:3 days, 11:26:41.531915
num_comm:8332
total_hold:288 total_gen:335, total_succ:47

scenario3_Prophet
succ_ratio:0.14328358208955225 avg_delay:1 day, 18:49:53.541667 num_comm:1437
total_hold:139 total_gen:335, total_succ:48

scenario4_SandW
succ_ratio:0.04477611940298507 avg_delay:2 days, 2:29:23.066667
num_comm:580
total_hold:849 total_gen:335, total_succ:15

