genfreq:1:00:00 RunningTime_Min_Max:2017-06-01 00:00:00;2017-07-14 23:59:59 gen_num:335 nr_nodes:216
 scenario0_RTPMLap
succ_ratio:0.44477611940298506 avg_delay:2 days, 20:51:32.194631 num_comm:1315
total_hold:186 total_gen:335, total_succ:149

scenario1_RTPM
succ_ratio:0.41492537313432837 avg_delay:2 days, 19:51:58.258993 num_comm:1193
total_hold:196 total_gen:335, total_succ:139

scenario2_EP
succ_ratio:0.13134328358208955 avg_delay:3 days, 11:17:39.250000
num_comm:12672
total_hold:291 total_gen:335, total_succ:44

scenario3_Prophet
succ_ratio:0.14029850746268657 avg_delay:2 days, 21:24:18.787234 num_comm:2180
total_hold:155 total_gen:335, total_succ:47

scenario4_SandW
succ_ratio:0.04776119402985075 avg_delay:2 days, 17:05:03.812500
num_comm:785
total_hold:1071 total_gen:335, total_succ:16

