genfreq:1:00:00 RunningTime_Min_Max:2017-06-01 00:00:00;2017-07-14 23:59:59 gen_num:335 nr_nodes:117
 scenario0_Our
succ_ratio:0.3880597014925373 avg_delay:1 day, 22:00:33.476923 num_comm:632
total_hold:205 total_gen:335, total_succ:130

