genfreq:1:00:00 RunningTime_Min_Max:2017-06-01 00:00:00;2017-07-14 23:59:59 gen_num:335 nr_nodes:117
 scenario0_Our
succ_ratio:0.41194029850746267 avg_delay:1 day, 22:03:14.760870 num_comm:694
total_hold:197 total_gen:335, total_succ:138

